  1.562500000000000E-005  4.614093959731550E-006  4.614093959731550E-006
  4.614093959731550E-006  4.614093959731532E-006  4.614093959731532E-006
  4.614093959731532E-006  4.614093959731567E-006  4.614093959731567E-006
  4.614093959731495E-006  4.614093959731567E-006  4.614093959731567E-006
  4.614093959731495E-006  4.614093959731423E-006  4.614093959731495E-006
  4.614093959731549E-006  1.362551236430802E-006  1.362551236430804E-006
  1.362551236430810E-006  1.362551236430815E-006  1.362551236430812E-006
  1.362551236430824E-006  1.362551236430833E-006  1.362551236430837E-006
  1.362551236430842E-006  1.362551236430833E-006  1.362551236430837E-006
  1.362551236430864E-006  1.362551236430864E-006  1.362551236430864E-006
  4.614093959731554E-006  1.362551236430809E-006  1.362551236430820E-006
  1.362551236430828E-006  1.362551236430830E-006  1.362551236430848E-006
  1.362551236430855E-006  1.362551236430869E-006  1.362551236430878E-006
  1.362551236430891E-006  1.362551236430905E-006  1.362551236430914E-006
  1.362551236430927E-006  1.362551236430927E-006  1.362551236430937E-006
  4.614093959731554E-006  1.362551236430809E-006  1.362551236430820E-006
  1.362551236430828E-006  1.362551236430830E-006  1.362551236430848E-006
  1.362551236430855E-006  1.362551236430869E-006  1.362551236430878E-006
  1.362551236430891E-006  1.362551236430905E-006  1.362551236430914E-006
  1.362551236430927E-006  1.362551236430927E-006  1.362551236430937E-006
  4.614093959731514E-006  1.362551236430825E-006  1.362551236430855E-006
  1.362551236430887E-006  1.362551236430919E-006  1.362551236430943E-006
  1.362551236430977E-006  1.362551236431022E-006  1.362551236431045E-006
  1.362551236431072E-006  1.362551236431104E-006  1.362551236431126E-006
  1.362551236431162E-006  1.362551236431162E-006  1.362551236431217E-006
  4.614093959731532E-006  1.362551236430790E-006  1.362551236430790E-006
  1.362551236430792E-006  1.362551236430783E-006  1.362551236430778E-006
  1.362551236430778E-006  1.362551236430792E-006  1.362551236430778E-006
  1.362551236430778E-006  1.362551236430792E-006  1.362551236430778E-006
  1.362551236430765E-006  1.362551236430765E-006  1.362551236430765E-006
  4.614093959731532E-006  1.362551236430816E-006  1.362551236430837E-006
  1.362551236430862E-006  1.362551236430876E-006  1.362551236430889E-006
  1.362551236430909E-006  1.362551236430950E-006  1.362551236430955E-006
  1.362551236430973E-006  1.362551236431013E-006  1.362551236431018E-006
  1.362551236431027E-006  1.362551236431045E-006  1.362551236431063E-006
  4.614093959731532E-006  1.362551236430790E-006  1.362551236430790E-006
  1.362551236430792E-006  1.362551236430783E-006  1.362551236430778E-006
  1.362551236430778E-006  1.362551236430792E-006  1.362551236430778E-006
  1.362551236430778E-006  1.362551236430792E-006  1.362551236430778E-006
  1.362551236430765E-006  1.362551236430765E-006  1.362551236430765E-006
  4.614093959731532E-006  1.362551236430790E-006  1.362551236430790E-006
  1.362551236430792E-006  1.362551236430783E-006  1.362551236430778E-006
  1.362551236430778E-006  1.362551236430792E-006  1.362551236430778E-006
  1.362551236430778E-006  1.362551236430792E-006  1.362551236430778E-006
  1.362551236430765E-006  1.362551236430765E-006  1.362551236430765E-006
  4.614093959731510E-006  1.362551236430836E-006  1.362551236430878E-006
  1.362551236430916E-006  1.362551236430959E-006  1.362551236431002E-006
  1.362551236431045E-006  1.362551236431090E-006  1.362551236431131E-006
  1.362551236431171E-006  1.362551236431217E-006  1.362551236431257E-006
  1.362551236431289E-006  1.362551236431325E-006  1.362551236431397E-006
  4.614093959731554E-006  1.362551236430849E-006  1.362551236430891E-006
  1.362551236430930E-006  1.362551236430966E-006  1.362551236431015E-006
  1.362551236431058E-006  1.362551236431104E-006  1.362551236431144E-006
  1.362551236431185E-006  1.362551236431230E-006  1.362551236431271E-006
  1.362551236431316E-006  1.362551236431352E-006  1.362551236431397E-006
  4.614093959731495E-006  1.362551236430778E-006  1.362551236430778E-006
  1.362551236430774E-006  1.362551236430774E-006  1.362551236430774E-006
  1.362551236430774E-006  1.362551236430774E-006  1.362551236430774E-006
  1.362551236430774E-006  1.362551236430774E-006  1.362551236430774E-006
  1.362551236430756E-006  1.362551236430756E-006  1.362551236430792E-006
  4.614093959731539E-006  1.362551236430739E-006  1.362551236430697E-006
  1.362551236430650E-006  1.362551236430598E-006  1.362551236430564E-006
  1.362551236430521E-006  1.362551236430476E-006  1.362551236430435E-006
  1.362551236430394E-006  1.362551236430349E-006  1.362551236430309E-006
  1.362551236430259E-006  1.362551236430223E-006  1.362551236430187E-006
  4.614093959731452E-006  1.362551236430817E-006  1.362551236430861E-006
  1.362551236430907E-006  1.362551236430941E-006  1.362551236430984E-006
  1.362551236431027E-006  1.362551236431068E-006  1.362551236431113E-006
  1.362551236431153E-006  1.362551236431198E-006  1.362551236431239E-006
  1.362551236431280E-006  1.362551236431325E-006  1.362551236431370E-006
  4.614093959731510E-006  1.362551236430888E-006  1.362551236430974E-006
  1.362551236431056E-006  1.362551236431140E-006  1.362551236431226E-006
  1.362551236431312E-006  1.362551236431397E-006  1.362551236431483E-006
  1.362551236431564E-006  1.362551236431655E-006  1.362551236431736E-006
  1.362551236431813E-006  1.362551236431894E-006  1.362551236432003E-006
  4.614093959731548E-006  1.362551236430787E-006  1.362551236430782E-006
  1.362551236430774E-006  1.362551236430772E-006  1.362551236430758E-006
  1.362551236430756E-006  1.362551236430751E-006  1.362551236430742E-006
  1.362551236430738E-006  1.362551236430720E-006  1.362551236430729E-006
  1.362551236430720E-006  1.362551236430720E-006  1.362551236430720E-006
  1.362551236430793E-006  4.023641235097718E-007  4.023641235097765E-007
  4.023641235097824E-007  4.023641235097852E-007  4.023641235097903E-007
  4.023641235097960E-007  4.023641235098016E-007  4.023641235098061E-007
  4.023641235098106E-007  4.023641235098185E-007  4.023641235098208E-007
  4.023641235098321E-007  4.023641235098299E-007  4.023641235098389E-007
  1.362551236430798E-006  4.023641235097395E-007  4.023641235097186E-007
  4.023641235096971E-007  4.023641235096734E-007  4.023641235096525E-007
  4.023641235096311E-007  4.023641235096096E-007  4.023641235095870E-007
  4.023641235095678E-007  4.023641235095453E-007  4.023641235095226E-007
  4.023641235095000E-007  4.023641235094729E-007  4.023641235094617E-007
  1.362551236430805E-006  4.023641235097947E-007  4.023641235098151E-007
  4.023641235098372E-007  4.023641235098575E-007  4.023641235098784E-007
  4.023641235098998E-007  4.023641235099213E-007  4.023641235099428E-007
  4.023641235099642E-007  4.023641235099857E-007  4.023641235100060E-007
  4.023641235100286E-007  4.023641235100467E-007  4.023641235100693E-007
  1.362551236430801E-006  4.023641235098729E-007  4.023641235099583E-007
  4.023641235100433E-007  4.023641235101268E-007  4.023641235102116E-007
  4.023641235102985E-007  4.023641235103832E-007  4.023641235104690E-007
  4.023641235105538E-007  4.023641235106407E-007  4.023641235107243E-007
  4.023641235108101E-007  4.023641235108892E-007  4.023641235109818E-007
  1.362551236430772E-006  4.023641235098380E-007  4.023641235099019E-007
  4.023641235099659E-007  4.023641235100286E-007  4.023641235100930E-007
  4.023641235101573E-007  4.023641235102183E-007  4.023641235102850E-007
  4.023641235103482E-007  4.023641235104103E-007  4.023641235104804E-007
  4.023641235105391E-007  4.023641235105956E-007  4.023641235106723E-007
  1.362551236430794E-006  4.023641235097910E-007  4.023641235098123E-007
  4.023641235098344E-007  4.023641235098530E-007  4.023641235098750E-007
  4.023641235098965E-007  4.023641235099191E-007  4.023641235099383E-007
  4.023641235099620E-007  4.023641235099812E-007  4.023641235100038E-007
  4.023641235100241E-007  4.023641235100399E-007  4.023641235100670E-007
  1.362551236430774E-006  4.023641235098116E-007  4.023641235098547E-007
  4.023641235098970E-007  4.023641235099377E-007  4.023641235099800E-007
  4.023641235100230E-007  4.023641235100659E-007  4.023641235101077E-007
  4.023641235101528E-007  4.023641235101935E-007  4.023641235102364E-007
  4.023641235102793E-007  4.023641235103132E-007  4.023641235103629E-007
  1.362551236430759E-006  4.023641235096493E-007  4.023641235095636E-007
  4.023641235094786E-007  4.023641235093911E-007  4.023641235093035E-007
  4.023641235092188E-007  4.023641235091353E-007  4.023641235090494E-007
  4.023641235089636E-007  4.023641235088789E-007  4.023641235087931E-007
  4.023641235087072E-007  4.023641235086146E-007  4.023641235085378E-007
  1.362551236430759E-006  4.023641235097543E-007  4.023641235097553E-007
  4.023641235097553E-007  4.023641235097530E-007  4.023641235097519E-007
  4.023641235097519E-007  4.023641235097542E-007  4.023641235097530E-007
  4.023641235097519E-007  4.023641235097508E-007  4.023641235097553E-007
  4.023641235097553E-007  4.023641235097463E-007  4.023641235097530E-007
  1.362551236430759E-006  4.023641235096490E-007  4.023641235095639E-007
  4.023641235094780E-007  4.023641235093905E-007  4.023641235093047E-007
  4.023641235092211E-007  4.023641235091353E-007  4.023641235090506E-007
  4.023641235089625E-007  4.023641235088812E-007  4.023641235087953E-007
  4.023641235087095E-007  4.023641235086169E-007  4.023641235085401E-007
  1.362551236430817E-006  4.023641235099305E-007  4.023641235100582E-007
  4.023641235101867E-007  4.023641235103127E-007  4.023641235104419E-007
  4.023641235105685E-007  4.023641235106972E-007  4.023641235108248E-007
  4.023641235109524E-007  4.023641235110835E-007  4.023641235112099E-007
  4.023641235113364E-007  4.023641235114584E-007  4.023641235115917E-007
  1.362551236430745E-006  4.023641235095390E-007  4.023641235093682E-007
  4.023641235091974E-007  4.023641235090246E-007  4.023641235088541E-007
  4.023641235086835E-007  4.023641235085130E-007  4.023641235083413E-007
  4.023641235081708E-007  4.023641235080003E-007  4.023641235078286E-007
  4.023641235076592E-007  4.023641235074785E-007  4.023641235073181E-007
  1.362551236430752E-006  4.023641235096998E-007  4.023641235096573E-007
  4.023641235096147E-007  4.023641235095695E-007  4.023641235095283E-007
  4.023641235094854E-007  4.023641235094413E-007  4.023641235093984E-007
  4.023641235093544E-007  4.023641235093126E-007  4.023641235092742E-007
  4.023641235092290E-007  4.023641235091793E-007  4.023641235091409E-007
  1.362551236430748E-006  4.023641235097779E-007  4.023641235097990E-007
  4.023641235098208E-007  4.023641235098406E-007  4.023641235098615E-007
  4.023641235098829E-007  4.023641235099044E-007  4.023641235099247E-007
  4.023641235099462E-007  4.023641235099699E-007  4.023641235099879E-007
  4.023641235100150E-007  4.023641235100264E-007  4.023641235100535E-007
  4.614093959731527E-006  1.362551236430795E-006  1.362551236430801E-006
  1.362551236430808E-006  1.362551236430810E-006  1.362551236430808E-006
  1.362551236430815E-006  1.362551236430828E-006  1.362551236430828E-006
  1.362551236430828E-006  1.362551236430842E-006  1.362551236430842E-006
  1.362551236430837E-006  1.362551236430828E-006  1.362551236430855E-006
  1.362551236430787E-006  4.023641235097498E-007  4.023641235097392E-007
  4.023641235097282E-007  4.023641235097158E-007  4.023641235097056E-007
  4.023641235096966E-007  4.023641235096842E-007  4.023641235096740E-007
  4.023641235096638E-007  4.023641235096537E-007  4.023641235096423E-007
  4.023641235096311E-007  4.023641235096130E-007  4.023641235096085E-007
  1.362551236430786E-006  4.023641235097628E-007  4.023641235097626E-007
  4.023641235097626E-007  4.023641235097615E-007  4.023641235097621E-007
  4.023641235097621E-007  4.023641235097609E-007  4.023641235097621E-007
  4.023641235097609E-007  4.023641235097621E-007  4.023641235097621E-007
  4.023641235097621E-007  4.023641235097553E-007  4.023641235097575E-007
  1.362551236430789E-006  4.023641235098428E-007  4.023641235099069E-007
  4.023641235099705E-007  4.023641235100331E-007  4.023641235100986E-007
  4.023641235101619E-007  4.023641235102251E-007  4.023641235102906E-007
  4.023641235103539E-007  4.023641235104194E-007  4.023641235104804E-007
  4.023641235105436E-007  4.023641235106024E-007  4.023641235106746E-007
  1.362551236430799E-006  4.023641235099251E-007  4.023641235100540E-007
  4.023641235101805E-007  4.023641235103070E-007  4.023641235104352E-007
  4.023641235105639E-007  4.023641235106916E-007  4.023641235108203E-007
  4.023641235109457E-007  4.023641235110812E-007  4.023641235112054E-007
  4.023641235113319E-007  4.023641235114539E-007  4.023641235115871E-007
  1.362551236430770E-006  4.023641235096522E-007  4.023641235095664E-007
  4.023641235094809E-007  4.023641235093939E-007  4.023641235093092E-007
  4.023641235092234E-007  4.023641235091375E-007  4.023641235090528E-007
  4.023641235089693E-007  4.023641235088834E-007  4.023641235087953E-007
  4.023641235087095E-007  4.023641235086169E-007  4.023641235085401E-007
  1.362551236430821E-006  4.023641235097194E-007  4.023641235096779E-007
  4.023641235096350E-007  4.023641235095904E-007  4.023641235095475E-007
  4.023641235095068E-007  4.023641235094617E-007  4.023641235094176E-007
  4.023641235093758E-007  4.023641235093329E-007  4.023641235092945E-007
  4.023641235092516E-007  4.023641235092042E-007  4.023641235091680E-007
  1.362551236430843E-006  4.023641235098850E-007  4.023641235099701E-007
  4.023641235100557E-007  4.023641235101393E-007  4.023641235102251E-007
  4.023641235103110E-007  4.023641235103934E-007  4.023641235104792E-007
  4.023641235105639E-007  4.023641235106520E-007  4.023641235107333E-007
  4.023641235108214E-007  4.023641235108960E-007  4.023641235109931E-007
  1.362551236430799E-006  4.023641235097664E-007  4.023641235097666E-007
  4.023641235097672E-007  4.023641235097643E-007  4.023641235097643E-007
  4.023641235097632E-007  4.023641235097655E-007  4.023641235097643E-007
  4.023641235097655E-007  4.023641235097621E-007  4.023641235097666E-007
  4.023641235097643E-007  4.023641235097575E-007  4.023641235097643E-007
  1.362551236430871E-006  4.023641235101046E-007  4.023641235103612E-007
  4.023641235106181E-007  4.023641235108717E-007  4.023641235111252E-007
  4.023641235113827E-007  4.023641235116402E-007  4.023641235118966E-007
  4.023641235121541E-007  4.023641235124116E-007  4.023641235126646E-007
  4.023641235129266E-007  4.023641235131773E-007  4.023641235134326E-007
  1.362551236430814E-006  4.023641235097707E-007  4.023641235097711E-007
  4.023641235097711E-007  4.023641235097694E-007  4.023641235097677E-007
  4.023641235097711E-007  4.023641235097689E-007  4.023641235097700E-007
  4.023641235097677E-007  4.023641235097734E-007  4.023641235097666E-007
  4.023641235097711E-007  4.023641235097621E-007  4.023641235097666E-007
  1.362551236430828E-006  4.023641235099864E-007  4.023641235101573E-007
  4.023641235103273E-007  4.023641235104962E-007  4.023641235106689E-007
  4.023641235108395E-007  4.023641235110078E-007  4.023641235111783E-007
  4.023641235113534E-007  4.023641235115216E-007  4.023641235116933E-007
  4.023641235118627E-007  4.023641235120299E-007  4.023641235122038E-007
  1.362551236430727E-006  4.023641235096393E-007  4.023641235095543E-007
  4.023641235094690E-007  4.023641235093809E-007  4.023641235092945E-007
  4.023641235092109E-007  4.023641235091251E-007  4.023641235090393E-007
  4.023641235089557E-007  4.023641235088699E-007  4.023641235087840E-007
  4.023641235086959E-007  4.023641235086056E-007  4.023641235085288E-007
  1.362551236430839E-006  4.023641235097254E-007  4.023641235096827E-007
  4.023641235096401E-007  4.023641235095955E-007  4.023641235095520E-007
  4.023641235095114E-007  4.023641235094684E-007  4.023641235094255E-007
  4.023641235093815E-007  4.023641235093420E-007  4.023641235092990E-007
  4.023641235092561E-007  4.023641235092064E-007  4.023641235091680E-007
  1.362551236430745E-006  4.023641235098164E-007  4.023641235098702E-007
  4.023641235099236E-007  4.023641235099744E-007  4.023641235100252E-007
  4.023641235100806E-007  4.023641235101348E-007  4.023641235101878E-007
  4.023641235102420E-007  4.023641235102974E-007  4.023641235103471E-007
  4.023641235104013E-007  4.023641235104510E-007  4.023641235105120E-007
  4.614093959731523E-006  1.362551236430790E-006  1.362551236430793E-006
  1.362551236430799E-006  1.362551236430797E-006  1.362551236430794E-006
  1.362551236430797E-006  1.362551236430805E-006  1.362551236430805E-006
  1.362551236430805E-006  1.362551236430815E-006  1.362551236430810E-006
  1.362551236430810E-006  1.362551236430792E-006  1.362551236430819E-006
  1.362551236430779E-006  4.023641235096810E-007  4.023641235096169E-007
  4.023641235095537E-007  4.023641235094877E-007  4.023641235094233E-007
  4.023641235093589E-007  4.023641235092945E-007  4.023641235092302E-007
  4.023641235091669E-007  4.023641235091025E-007  4.023641235090393E-007
  4.023641235089760E-007  4.023641235089037E-007  4.023641235088450E-007
  1.362551236430766E-006  4.023641235095653E-007  4.023641235094108E-007
  4.023641235092561E-007  4.023641235090997E-007  4.023641235089444E-007
  4.023641235087897E-007  4.023641235086350E-007  4.023641235084802E-007
  4.023641235083266E-007  4.023641235081719E-007  4.023641235080160E-007
  4.023641235078625E-007  4.023641235076976E-007  4.023641235075508E-007
  1.362551236430763E-006  4.023641235095839E-007  4.023641235094453E-007
  4.023641235093064E-007  4.023641235091663E-007  4.023641235090280E-007
  4.023641235088891E-007  4.023641235087490E-007  4.023641235086101E-007
  4.023641235084723E-007  4.023641235083345E-007  4.023641235081990E-007
  4.023641235080590E-007  4.023641235079122E-007  4.023641235077811E-007
  1.362551236430807E-006  4.023641235099277E-007  4.023641235100560E-007
  4.023641235101833E-007  4.023641235103093E-007  4.023641235104374E-007
  4.023641235105651E-007  4.023641235106938E-007  4.023641235108203E-007
  4.023641235109502E-007  4.023641235110835E-007  4.023641235112077E-007
  4.023641235113342E-007  4.023641235114562E-007  4.023641235115894E-007
  1.362551236430785E-006  4.023641235097621E-007  4.023641235097626E-007
  4.023641235097621E-007  4.023641235097598E-007  4.023641235097598E-007
  4.023641235097621E-007  4.023641235097598E-007  4.023641235097598E-007
  4.023641235097587E-007  4.023641235097643E-007  4.023641235097621E-007
  4.023641235097598E-007  4.023641235097508E-007  4.023641235097575E-007
  1.362551236430738E-006  4.023641235094046E-007  4.023641235091273E-007
  4.023641235088495E-007  4.023641235085706E-007  4.023641235082928E-007
  4.023641235080172E-007  4.023641235077382E-007  4.023641235074604E-007
  4.023641235071826E-007  4.023641235069070E-007  4.023641235066292E-007
  4.023641235063536E-007  4.023641235060668E-007  4.023641235057980E-007
  1.362551236430806E-006  4.023641235098217E-007  4.023641235098640E-007
  4.023641235099072E-007  4.023641235099479E-007  4.023641235099902E-007
  4.023641235100320E-007  4.023641235100772E-007  4.023641235101178E-007
  4.023641235101607E-007  4.023641235102048E-007  4.023641235102454E-007
  4.023641235102929E-007  4.023641235103267E-007  4.023641235103765E-007
  1.362551236430814E-006  4.023641235098763E-007  4.023641235099617E-007
  4.023641235100467E-007  4.023641235101308E-007  4.023641235102161E-007
  4.023641235103030E-007  4.023641235103877E-007  4.023641235104736E-007
  4.023641235105571E-007  4.023641235106452E-007  4.023641235107243E-007
  4.023641235108146E-007  4.023641235108937E-007  4.023641235109840E-007
  1.362551236430763E-006  4.023641235101257E-007  4.023641235104247E-007
  4.023641235107243E-007  4.023641235110208E-007  4.023641235113184E-007
  4.023641235116165E-007  4.023641235119181E-007  4.023641235122162E-007
  4.023641235125155E-007  4.023641235128159E-007  4.023641235131118E-007
  4.023641235134122E-007  4.023641235137059E-007  4.023641235140085E-007
  1.362551236430777E-006  4.023641235098125E-007  4.023641235098561E-007
  4.023641235098981E-007  4.023641235099388E-007  4.023641235099823E-007
  4.023641235100252E-007  4.023641235100681E-007  4.023641235101088E-007
  4.023641235101528E-007  4.023641235101958E-007  4.023641235102387E-007
  4.023641235102816E-007  4.023641235103200E-007  4.023641235103674E-007
  1.362551236430785E-006  4.023641235098948E-007  4.023641235100010E-007
  4.023641235101077E-007  4.023641235102127E-007  4.023641235103189E-007
  4.023641235104250E-007  4.023641235105323E-007  4.023641235106396E-007
  4.023641235107480E-007  4.023641235108531E-007  4.023641235109615E-007
  4.023641235110654E-007  4.023641235111693E-007  4.023641235112800E-007
  1.362551236430734E-006  4.023641235095095E-007  4.023641235093174E-007
  4.023641235091245E-007  4.023641235089308E-007  4.023641235087389E-007
  4.023641235085469E-007  4.023641235083549E-007  4.023641235081629E-007
  4.023641235079720E-007  4.023641235077766E-007  4.023641235075846E-007
  4.023641235073926E-007  4.023641235071984E-007  4.023641235070109E-007
  1.362551236430669E-006  4.023641235099137E-007  4.023641235100625E-007
  4.023641235102121E-007  4.023641235103595E-007  4.023641235105086E-007
  4.023641235106588E-007  4.023641235108079E-007  4.023641235109581E-007
  4.023641235111083E-007  4.023641235112551E-007  4.023641235114065E-007
  4.023641235115510E-007  4.023641235117001E-007  4.023641235118514E-007
  1.362551236430745E-006  4.023641235098168E-007  4.023641235098699E-007
  4.023641235099224E-007  4.023641235099750E-007  4.023641235100275E-007
  4.023641235100828E-007  4.023641235101348E-007  4.023641235101890E-007
  4.023641235102420E-007  4.023641235102974E-007  4.023641235103471E-007
  4.023641235104013E-007  4.023641235104465E-007  4.023641235105097E-007
  4.614093959731557E-006  1.362551236430810E-006  1.362551236430822E-006
  1.362551236430828E-006  1.362551236430830E-006  1.362551236430846E-006
  1.362551236430864E-006  1.362551236430864E-006  1.362551236430882E-006
  1.362551236430900E-006  1.362551236430896E-006  1.362551236430914E-006
  1.362551236430909E-006  1.362551236430927E-006  1.362551236430964E-006
  1.362551236430796E-006  4.023641235097192E-007  4.023641235096822E-007
  4.023641235096446E-007  4.023641235096045E-007  4.023641235095690E-007
  4.023641235095305E-007  4.023641235094955E-007  4.023641235094560E-007
  4.023641235094165E-007  4.023641235093826E-007  4.023641235093465E-007
  4.023641235093058E-007  4.023641235092607E-007  4.023641235092313E-007
  1.362551236430805E-006  4.023641235097542E-007  4.023641235097446E-007
  4.023641235097333E-007  4.023641235097220E-007  4.023641235097113E-007
  4.023641235096999E-007  4.023641235096898E-007  4.023641235096785E-007
  4.023641235096695E-007  4.023641235096559E-007  4.023641235096423E-007
  4.023641235096356E-007  4.023641235096198E-007  4.023641235096130E-007
  1.362551236430819E-006  4.023641235097596E-007  4.023641235097482E-007
  4.023641235097372E-007  4.023641235097270E-007  4.023641235097158E-007
  4.023641235097056E-007  4.023641235096932E-007  4.023641235096842E-007
  4.023641235096728E-007  4.023641235096627E-007  4.023641235096537E-007
  4.023641235096401E-007  4.023641235096220E-007  4.023641235096198E-007
  1.362551236430736E-006  4.023641235095630E-007  4.023641235094131E-007
  4.023641235092635E-007  4.023641235091127E-007  4.023641235089613E-007
  4.023641235088123E-007  4.023641235086632E-007  4.023641235085141E-007
  4.023641235083673E-007  4.023641235082193E-007  4.023641235080635E-007
  4.023641235079190E-007  4.023641235077631E-007  4.023641235076185E-007
  1.362551236430736E-006  4.023641235094572E-007  4.023641235092222E-007
  4.023641235089873E-007  4.023641235087513E-007  4.023641235085153E-007
  4.023641235082803E-007  4.023641235080477E-007  4.023641235078116E-007
  4.023641235075779E-007  4.023641235073407E-007  4.023641235071058E-007
  4.023641235068709E-007  4.023641235066315E-007  4.023641235064033E-007
  1.362551236430765E-006  4.023641235098881E-007  4.023641235099959E-007
  4.023641235101009E-007  4.023641235102065E-007  4.023641235103132E-007
  4.023641235104216E-007  4.023641235105278E-007  4.023641235106340E-007
  4.023641235107401E-007  4.023641235108485E-007  4.023641235109569E-007
  4.023641235110609E-007  4.023641235111625E-007  4.023641235112754E-007
  1.362551236430669E-006  4.023641235091993E-007  4.023641235087728E-007
  4.023641235083459E-007  4.023641235079167E-007  4.023641235074875E-007
  4.023641235070629E-007  4.023641235066382E-007  4.023641235062102E-007
  4.023641235057822E-007  4.023641235053575E-007  4.023641235049306E-007
  4.023641235045037E-007  4.023641235040700E-007  4.023641235036476E-007
  1.362551236430871E-006  4.023641235101052E-007  4.023641235103609E-007
  4.023641235106176E-007  4.023641235108717E-007  4.023641235111275E-007
  4.023641235113850E-007  4.023641235116391E-007  4.023641235118955E-007
  4.023641235121518E-007  4.023641235124093E-007  4.023641235126623E-007
  4.023641235129221E-007  4.023641235131683E-007  4.023641235134326E-007
  1.362551236430785E-006  4.023641235098680E-007  4.023641235099535E-007
  4.023641235100382E-007  4.023641235101223E-007  4.023641235102071E-007
  4.023641235102951E-007  4.023641235103787E-007  4.023641235104634E-007
  4.023641235105493E-007  4.023641235106362E-007  4.023641235107198E-007
  4.023641235108056E-007  4.023641235108802E-007  4.023641235109750E-007
  1.362551236430814E-006  4.023641235103001E-007  4.023641235107269E-007
  4.023641235111535E-007  4.023641235115781E-007  4.023641235120039E-007
  4.023641235124331E-007  4.023641235128588E-007  4.023641235132846E-007
  4.023641235137127E-007  4.023641235141418E-007  4.023641235145687E-007
  4.023641235149934E-007  4.023641235154135E-007  4.023641235158449E-007
  1.362551236430785E-006  4.023641235092337E-007  4.023641235088066E-007
  4.023641235083797E-007  4.023641235079511E-007  4.023641235075225E-007
  4.023641235070967E-007  4.023641235066710E-007  4.023641235062429E-007
  4.023641235058160E-007  4.023641235053936E-007  4.023641235049645E-007
  4.023641235045353E-007  4.023641235041039E-007  4.023641235036838E-007
  1.362551236430987E-006  4.023641235099275E-007  4.023641235100133E-007
  4.023641235100986E-007  4.023641235101822E-007  4.023641235102658E-007
  4.023641235103516E-007  4.023641235104386E-007  4.023641235105244E-007
  4.023641235106091E-007  4.023641235106972E-007  4.023641235107808E-007
  4.023641235108688E-007  4.023641235109434E-007  4.023641235110338E-007
  1.362551236430597E-006  4.023641235087019E-007  4.023641235078902E-007
  4.023641235070798E-007  4.023641235062667E-007  4.023641235054546E-007
  4.023641235046437E-007  4.023641235038340E-007  4.023641235030231E-007
  4.023641235022122E-007  4.023641235014002E-007  4.023641235005893E-007
  4.023641234997784E-007  4.023641234989607E-007  4.023641234981566E-007
  1.362551236430687E-006  4.023641235093234E-007  4.023641235089924E-007
  4.023641235086615E-007  4.023641235083294E-007  4.023641235079991E-007
  4.023641235076671E-007  4.023641235073362E-007  4.023641235070064E-007
  4.023641235066755E-007  4.023641235063423E-007  4.023641235060148E-007
  4.023641235056805E-007  4.023641235053440E-007  4.023641235050187E-007
  4.614093959731572E-006  1.362551236430800E-006  1.362551236430802E-006
  1.362551236430803E-006  1.362551236430792E-006  1.362551236430790E-006
  1.362551236430797E-006  1.362551236430787E-006  1.362551236430805E-006
  1.362551236430801E-006  1.362551236430792E-006  1.362551236430792E-006
  1.362551236430792E-006  1.362551236430756E-006  1.362551236430783E-006
  1.362551236430805E-006  4.023641235097481E-007  4.023641235097327E-007
  4.023641235097164E-007  4.023641235096977E-007  4.023641235096830E-007
  4.023641235096672E-007  4.023641235096514E-007  4.023641235096356E-007
  4.023641235096175E-007  4.023641235096040E-007  4.023641235095881E-007
  4.023641235095746E-007  4.023641235095475E-007  4.023641235095339E-007
  1.362551236430792E-006  4.023641235098039E-007  4.023641235098361E-007
  4.023641235098677E-007  4.023641235098993E-007  4.023641235099315E-007
  4.023641235099620E-007  4.023641235099947E-007  4.023641235100241E-007
  4.023641235100591E-007  4.023641235100919E-007  4.023641235101190E-007
  4.023641235101573E-007  4.023641235101799E-007  4.023641235102161E-007
  1.362551236430792E-006  4.023641235098571E-007  4.023641235099318E-007
  4.023641235100060E-007  4.023641235100800E-007  4.023641235101540E-007
  4.023641235102285E-007  4.023641235103030E-007  4.023641235103798E-007
  4.023641235104533E-007  4.023641235105278E-007  4.023641235106001E-007
  4.023641235106746E-007  4.023641235107469E-007  4.023641235108282E-007
  1.362551236430850E-006  4.023641235100196E-007  4.023641235102110E-007
  4.023641235104041E-007  4.023641235105939E-007  4.023641235107864E-007
  4.023641235109784E-007  4.023641235111693E-007  4.023641235113613E-007
  4.023641235115566E-007  4.023641235117453E-007  4.023641235119373E-007
  4.023641235121292E-007  4.023641235123167E-007  4.023641235125110E-007
  1.362551236430676E-006  4.023641235090165E-007  4.023641235084399E-007
  4.023641235078642E-007  4.023641235072859E-007  4.023641235067082E-007
  4.023641235061322E-007  4.023641235055585E-007  4.023641235049803E-007
  4.023641235044043E-007  4.023641235038261E-007  4.023641235032501E-007
  4.023641235026741E-007  4.023641235020959E-007  4.023641235015244E-007
  1.362551236430763E-006  4.023641235096764E-007  4.023641235096130E-007
  4.023641235095481E-007  4.023641235094826E-007  4.023641235094176E-007
  4.023641235093544E-007  4.023641235092911E-007  4.023641235092268E-007
  4.023641235091635E-007  4.023641235091002E-007  4.023641235090370E-007
  4.023641235089715E-007  4.023641235089037E-007  4.023641235088405E-007
  1.362551236430842E-006  4.023641235100961E-007  4.023641235103522E-007
  4.023641235106097E-007  4.023641235108632E-007  4.023641235111173E-007
  4.023641235113748E-007  4.023641235116312E-007  4.023641235118887E-007
  4.023641235121451E-007  4.023641235124026E-007  4.023641235126556E-007
  4.023641235129153E-007  4.023641235131660E-007  4.023641235134235E-007
  1.362551236430871E-006  4.023641235098935E-007  4.023641235099792E-007
  4.023641235100642E-007  4.023641235101478E-007  4.023641235102330E-007
  4.023641235103200E-007  4.023641235104025E-007  4.023641235104883E-007
  4.023641235105730E-007  4.023641235106611E-007  4.023641235107447E-007
  4.023641235108305E-007  4.023641235109073E-007  4.023641235109999E-007
  1.362551236430611E-006  4.023641235091821E-007  4.023641235087552E-007
  4.023641235083289E-007  4.023641235078997E-007  4.023641235074717E-007
  4.023641235070459E-007  4.023641235066179E-007  4.023641235061921E-007
  4.023641235057663E-007  4.023641235053394E-007  4.023641235049103E-007
  4.023641235044879E-007  4.023641235040519E-007  4.023641235036318E-007
  1.362551236430582E-006  4.023641235081160E-007  4.023641235068361E-007
  4.023641235055551E-007  4.023641235042722E-007  4.023641235029903E-007
  4.023641235017107E-007  4.023641235004312E-007  4.023641234991493E-007
  4.023641234978698E-007  4.023641234965868E-007  4.023641234953105E-007
  4.023641234940276E-007  4.023641234927401E-007  4.023641234914662E-007
  1.362551236430900E-006  4.023641235109596E-007  4.023641235118986E-007
  4.023641235128374E-007  4.023641235137753E-007  4.023641235147144E-007
  4.023641235156541E-007  4.023641235165948E-007  4.023641235175322E-007
  4.023641235184718E-007  4.023641235194115E-007  4.023641235203511E-007
  4.023641235212907E-007  4.023641235222236E-007  4.023641235231678E-007
  1.362551236430756E-006  4.023641235098592E-007  4.023641235099445E-007
  4.023641235100303E-007  4.023641235101139E-007  4.023641235101980E-007
  4.023641235102850E-007  4.023641235103686E-007  4.023641235104544E-007
  4.023641235105402E-007  4.023641235106249E-007  4.023641235107108E-007
  4.023641235108011E-007  4.023641235108734E-007  4.023641235109683E-007
  1.362551236430593E-006  4.023641235095472E-007  4.023641235094187E-007
  4.023641235092906E-007  4.023641235091607E-007  4.023641235090348E-007
  4.023641235089049E-007  4.023641235087761E-007  4.023641235086485E-007
  4.023641235085209E-007  4.023641235083933E-007  4.023641235082668E-007
  4.023641235081380E-007  4.023641235079980E-007  4.023641235078828E-007
  1.362551236430683E-006  4.023641235093095E-007  4.023641235089676E-007
  4.023641235086259E-007  4.023641235082832E-007  4.023641235079415E-007
  4.023641235076016E-007  4.023641235072594E-007  4.023641235069161E-007
  4.023641235065761E-007  4.023641235062362E-007  4.023641235058906E-007
  4.023641235055518E-007  4.023641235052039E-007  4.023641235048674E-007
  4.614093959731533E-006  1.362551236430770E-006  1.362551236430756E-006
  1.362551236430738E-006  1.362551236430720E-006  1.362551236430699E-006
  1.362551236430688E-006  1.362551236430665E-006  1.362551236430647E-006
  1.362551236430643E-006  1.362551236430620E-006  1.362551236430607E-006
  1.362551236430593E-006  1.362551236430548E-006  1.362551236430548E-006
  1.362551236430769E-006  4.023641235096254E-007  4.023641235095184E-007
  4.023641235094114E-007  4.023641235093035E-007  4.023641235091974E-007
  4.023641235090901E-007  4.023641235089839E-007  4.023641235088755E-007
  4.023641235087694E-007  4.023641235086621E-007  4.023641235085559E-007
  4.023641235084543E-007  4.023641235083368E-007  4.023641235082352E-007
  1.362551236430771E-006  4.023641235097651E-007  4.023641235097700E-007
  4.023641235097756E-007  4.023641235097790E-007  4.023641235097846E-007
  4.023641235097892E-007  4.023641235097948E-007  4.023641235098005E-007
  4.023641235098073E-007  4.023641235098140E-007  4.023641235098140E-007
  4.023641235098185E-007  4.023641235098208E-007  4.023641235098276E-007
  1.362551236430818E-006  4.023641235100169E-007  4.023641235102147E-007
  4.023641235104115E-007  4.023641235106080E-007  4.023641235108045E-007
  4.023641235110033E-007  4.023641235111998E-007  4.023641235113963E-007
  4.023641235115962E-007  4.023641235117927E-007  4.023641235119869E-007
  4.023641235121880E-007  4.023641235123822E-007  4.023641235125832E-007
  1.362551236430814E-006  4.023641235094536E-007  4.023641235091974E-007
  4.023641235089416E-007  4.023641235086830E-007  4.023641235084260E-007
  4.023641235081731E-007  4.023641235079156E-007  4.023641235076592E-007
  4.023641235074017E-007  4.023641235071487E-007  4.023641235068867E-007
  4.023641235066337E-007  4.023641235063740E-007  4.023641235061232E-007
  1.362551236430944E-006  4.023641235100204E-007  4.023641235101910E-007
  4.023641235103623E-007  4.023641235105317E-007  4.023641235107028E-007
  4.023641235108711E-007  4.023641235110439E-007  4.023641235112156E-007
  4.023641235113872E-007  4.023641235115600E-007  4.023641235117249E-007
  4.023641235118943E-007  4.023641235120615E-007  4.023641235122377E-007
  1.362551236430965E-006  4.023641235097625E-007  4.023641235097200E-007
  4.023641235096774E-007  4.023641235096333E-007  4.023641235095893E-007
  4.023641235095475E-007  4.023641235095034E-007  4.023641235094639E-007
  4.023641235094199E-007  4.023641235093758E-007  4.023641235093306E-007
  4.023641235092923E-007  4.023641235092425E-007  4.023641235092064E-007
  1.362551236430698E-006  4.023641235089962E-007  4.023641235083986E-007
  4.023641235078021E-007  4.023641235072024E-007  4.023641235066032E-007
  4.023641235060080E-007  4.023641235054083E-007  4.023641235048109E-007
  4.023641235042123E-007  4.023641235036137E-007  4.023641235030152E-007
  4.023641235024188E-007  4.023641235018135E-007  4.023641235012262E-007
  1.362551236430770E-006  4.023641235091231E-007  4.023641235086110E-007
  4.023641235080991E-007  4.023641235075846E-007  4.023641235070719E-007
  4.023641235065603E-007  4.023641235060475E-007  4.023641235055371E-007
  4.023641235050255E-007  4.023641235045082E-007  4.023641235039977E-007
  4.023641235034850E-007  4.023641235029677E-007  4.023641235024618E-007
  1.362551236430785E-006  4.023641235100794E-007  4.023641235103358E-007
  4.023641235105927E-007  4.023641235108463E-007  4.023641235111004E-007
  4.023641235113579E-007  4.023641235116154E-007  4.023641235118695E-007
  4.023641235121281E-007  4.023641235123845E-007  4.023641235126352E-007
  4.023641235128950E-007  4.023641235131457E-007  4.023641235134077E-007
  1.362551236430814E-006  4.023641235098763E-007  4.023641235099620E-007
  4.023641235100478E-007  4.023641235101308E-007  4.023641235102161E-007
  4.023641235103030E-007  4.023641235103889E-007  4.023641235104724E-007
  4.023641235105571E-007  4.023641235106452E-007  4.023641235107288E-007
  4.023641235108146E-007  4.023641235108915E-007  4.023641235109818E-007
  1.362551236430828E-006  4.023641235099867E-007  4.023641235101573E-007
  4.023641235103273E-007  4.023641235104962E-007  4.023641235106689E-007
  4.023641235108384E-007  4.023641235110100E-007  4.023641235111794E-007
  4.023641235113534E-007  4.023641235115216E-007  4.023641235116933E-007
  4.023641235118627E-007  4.023641235120276E-007  4.023641235122015E-007
  1.362551236430727E-006  4.023641235092163E-007  4.023641235087891E-007
  4.023641235083622E-007  4.023641235079336E-007  4.023641235075056E-007
  4.023641235070809E-007  4.023641235066540E-007  4.023641235062260E-007
  4.023641235058002E-007  4.023641235053711E-007  4.023641235049487E-007
  4.023641235045195E-007  4.023641235040836E-007  4.023641235036657E-007
  1.362551236430948E-006  4.023641235101541E-007  4.023641235104321E-007
  4.023641235107085E-007  4.023641235109846E-007  4.023641235112630E-007
  4.023641235115386E-007  4.023641235118164E-007  4.023641235120942E-007
  4.023641235123721E-007  4.023641235126488E-007  4.023641235129266E-007
  4.023641235132022E-007  4.023641235134732E-007  4.023641235137601E-007
  1.362551236430860E-006  4.023641235090315E-007  4.023641235084232E-007
  4.023641235078144E-007  4.023641235072041E-007  4.023641235065964E-007
  4.023641235059888E-007  4.023641235053790E-007  4.023641235047714E-007
  4.023641235041626E-007  4.023641235035550E-007  4.023641235029474E-007
  4.023641235023375E-007  4.023641235017209E-007  4.023641235011246E-007
  4.614093959731533E-006  1.362551236430783E-006  1.362551236430780E-006
  1.362551236430772E-006  1.362551236430765E-006  1.362551236430754E-006
  1.362551236430756E-006  1.362551236430747E-006  1.362551236430738E-006
  1.362551236430738E-006  1.362551236430729E-006  1.362551236430724E-006
  1.362551236430720E-006  1.362551236430693E-006  1.362551236430702E-006
  1.362551236430754E-006  4.023641235096740E-007  4.023641235096096E-007
  4.023641235095458E-007  4.023641235094797E-007  4.023641235094165E-007
  4.023641235093532E-007  4.023641235092878E-007  4.023641235092234E-007
  4.023641235091601E-007  4.023641235090935E-007  4.023641235090325E-007
  4.023641235089715E-007  4.023641235088947E-007  4.023641235088382E-007
  1.362551236430771E-006  4.023641235094480E-007  4.023641235091971E-007
  4.023641235089456E-007  4.023641235086937E-007  4.023641235084429E-007
  4.023641235081900E-007  4.023641235079404E-007  4.023641235076886E-007
  4.023641235074401E-007  4.023641235071893E-007  4.023641235069364E-007
  4.023641235066857E-007  4.023641235064282E-007  4.023641235061842E-007
  1.362551236430732E-006  4.023641235095681E-007  4.023641235094235E-007
  4.023641235092793E-007  4.023641235091347E-007  4.023641235089896E-007
  4.023641235088450E-007  4.023641235087027E-007  4.023641235085581E-007
  4.023641235084136E-007  4.023641235082690E-007  4.023641235081245E-007
  4.023641235079822E-007  4.023641235078309E-007  4.023641235076931E-007
  1.362551236430698E-006  4.023641235092074E-007  4.023641235087806E-007
  4.023641235083537E-007  4.023641235079251E-007  4.023641235074965E-007
  4.023641235070730E-007  4.023641235066438E-007  4.023641235062192E-007
  4.023641235057889E-007  4.023641235053688E-007  4.023641235049351E-007
  4.023641235045127E-007  4.023641235040768E-007  4.023641235036589E-007
  1.362551236430828E-006  4.023641235104095E-007  4.023641235109222E-007
  4.023641235114341E-007  4.023641235119441E-007  4.023641235124568E-007
  4.023641235129684E-007  4.023641235134800E-007  4.023641235139927E-007
  4.023641235145066E-007  4.023641235150182E-007  4.023641235155309E-007
  4.023641235160437E-007  4.023641235165519E-007  4.023641235170669E-007
  1.362551236430676E-006  4.023641235090431E-007  4.023641235084878E-007
  4.023641235079330E-007  4.023641235073763E-007  4.023641235068200E-007
  4.023641235062655E-007  4.023641235057121E-007  4.023641235051587E-007
  4.023641235046031E-007  4.023641235040452E-007  4.023641235034895E-007
  4.023641235029361E-007  4.023641235023737E-007  4.023641235018248E-007
  1.362551236430756E-006  4.023641235098599E-007  4.023641235099453E-007
  4.023641235100298E-007  4.023641235101139E-007  4.023641235101969E-007
  4.023641235102827E-007  4.023641235103697E-007  4.023641235104555E-007
  4.023641235105402E-007  4.023641235106272E-007  4.023641235107108E-007
  4.023641235107943E-007  4.023641235108756E-007  4.023641235109728E-007
  1.362551236430770E-006  4.023641235099693E-007  4.023641235101401E-007
  4.023641235103110E-007  4.023641235104804E-007  4.023641235106509E-007
  4.023641235108214E-007  4.023641235109931E-007  4.023641235111636E-007
  4.023641235113353E-007  4.023641235115036E-007  4.023641235116730E-007
  4.023641235118424E-007  4.023641235120095E-007  4.023641235121880E-007
  1.362551236430669E-006  4.023641235087761E-007  4.023641235080084E-007
  4.023641235072407E-007  4.023641235064688E-007  4.023641235056997E-007
  4.023641235049340E-007  4.023641235041649E-007  4.023641235033958E-007
  4.023641235026278E-007  4.023641235018610E-007  4.023641235010907E-007
  4.023641235003205E-007  4.023641234995503E-007  4.023641234987868E-007
  1.362551236430814E-006  4.023641235098761E-007  4.023641235099617E-007
  4.023641235100478E-007  4.023641235101314E-007  4.023641235102149E-007
  4.023641235103030E-007  4.023641235103900E-007  4.023641235104736E-007
  4.023641235105583E-007  4.023641235106452E-007  4.023641235107265E-007
  4.023641235108146E-007  4.023641235108937E-007  4.023641235109818E-007
  1.362551236430828E-006  4.023641235099867E-007  4.023641235101577E-007
  4.023641235103279E-007  4.023641235104973E-007  4.023641235106689E-007
  4.023641235108395E-007  4.023641235110100E-007  4.023641235111794E-007
  4.023641235113511E-007  4.023641235115216E-007  4.023641235116911E-007
  4.023641235118627E-007  4.023641235120299E-007  4.023641235122060E-007
  1.362551236430727E-006  4.023641235092162E-007  4.023641235087902E-007
  4.023641235083622E-007  4.023641235079336E-007  4.023641235075056E-007
  4.023641235070809E-007  4.023641235066540E-007  4.023641235062271E-007
  4.023641235057991E-007  4.023641235053756E-007  4.023641235049464E-007
  4.023641235045173E-007  4.023641235040858E-007  4.023641235036657E-007
  1.362551236430951E-006  4.023641235097320E-007  4.023641235096678E-007
  4.023641235096040E-007  4.023641235095379E-007  4.023641235094729E-007
  4.023641235094086E-007  4.023641235093442E-007  4.023641235092821E-007
  4.023641235092177E-007  4.023641235091545E-007  4.023641235090912E-007
  4.023641235090257E-007  4.023641235089579E-007  4.023641235088970E-007
  1.362551236430860E-006  4.023641235107235E-007  4.023641235114810E-007
  4.023641235122388E-007  4.023641235129944E-007  4.023641235137521E-007
  4.023641235145111E-007  4.023641235152689E-007  4.023641235160268E-007
  4.023641235167834E-007  4.023641235175412E-007  4.023641235183002E-007
  4.023641235190591E-007  4.023641235198113E-007  4.023641235205702E-007
  4.614093959731519E-006  1.362551236430846E-006  1.362551236430894E-006
  1.362551236430941E-006  1.362551236430991E-006  1.362551236431031E-006
  1.362551236431090E-006  1.362551236431126E-006  1.362551236431171E-006
  1.362551236431226E-006  1.362551236431262E-006  1.362551236431316E-006
  1.362551236431370E-006  1.362551236431388E-006  1.362551236431461E-006
  1.362551236430783E-006  4.023641235096300E-007  4.023641235095218E-007
  4.023641235094153E-007  4.023641235093081E-007  4.023641235091997E-007
  4.023641235090924E-007  4.023641235089884E-007  4.023641235088800E-007
  4.023641235087728E-007  4.023641235086688E-007  4.023641235085627E-007
  4.023641235084543E-007  4.023641235083436E-007  4.023641235082397E-007
  1.362551236430799E-006  4.023641235098725E-007  4.023641235099572E-007
  4.023641235100438E-007  4.023641235101268E-007  4.023641235102127E-007
  4.023641235102974E-007  4.023641235103832E-007  4.023641235104690E-007
  4.023641235105538E-007  4.023641235106407E-007  4.023641235107243E-007
  4.023641235108124E-007  4.023641235108892E-007  4.023641235109818E-007
  1.362551236430904E-006  4.023641235101416E-007  4.023641235104188E-007
  4.023641235106961E-007  4.023641235109722E-007  4.023641235112483E-007
  4.023641235115261E-007  4.023641235118040E-007  4.023641235120818E-007
  4.023641235123596E-007  4.023641235126375E-007  4.023641235129108E-007
  4.023641235131909E-007  4.023641235134619E-007  4.023641235137465E-007
  1.362551236430698E-006  4.023641235094195E-007  4.023641235091635E-007
  4.023641235089066E-007  4.023641235086485E-007  4.023641235083921E-007
  4.023641235081369E-007  4.023641235078805E-007  4.023641235076264E-007
  4.023641235073667E-007  4.023641235071148E-007  4.023641235068573E-007
  4.023641235065998E-007  4.023641235063378E-007  4.023641235060916E-007
  1.362551236430712E-006  4.023641235095292E-007  4.023641235093586E-007
  4.023641235091878E-007  4.023641235090150E-007  4.023641235088439E-007
  4.023641235086745E-007  4.023641235085028E-007  4.023641235083323E-007
  4.023641235081617E-007  4.023641235079957E-007  4.023641235078195E-007
  4.023641235076501E-007  4.023641235074717E-007  4.023641235073091E-007
  1.362551236430503E-006  4.023641235079343E-007  4.023641235065250E-007
  4.023641235051175E-007  4.023641235037063E-007  4.023641235022980E-007
  4.023641235008874E-007  4.023641234994780E-007  4.023641234980730E-007
  4.023641234966624E-007  4.023641234952518E-007  4.023641234938469E-007
  4.023641234924397E-007  4.023641234910189E-007  4.023641234896185E-007
  1.362551236430640E-006  4.023641235089793E-007  4.023641235083817E-007
  4.023641235077834E-007  4.023641235071848E-007  4.023641235065863E-007
  4.023641235059877E-007  4.023641235053914E-007  4.023641235047939E-007
  4.023641235041954E-007  4.023641235036002E-007  4.023641235029994E-007
  4.023641235024008E-007  4.023641235017977E-007  4.023641235012127E-007
  1.362551236430770E-006  4.023641235099696E-007  4.023641235101401E-007
  4.023641235103110E-007  4.023641235104804E-007  4.023641235106498E-007
  4.023641235108214E-007  4.023641235109920E-007  4.023641235111636E-007
  4.023641235113353E-007  4.023641235115013E-007  4.023641235116730E-007
  4.023641235118446E-007  4.023641235120073E-007  4.023641235121857E-007
  1.362551236430669E-006  4.023641235091991E-007  4.023641235087724E-007
  4.023641235083464E-007  4.023641235079167E-007  4.023641235074887E-007
  4.023641235070629E-007  4.023641235066371E-007  4.023641235062113E-007
  4.023641235057833E-007  4.023641235053575E-007  4.023641235049283E-007
  4.023641235045014E-007  4.023641235040723E-007  4.023641235036476E-007
  1.362551236430582E-006  4.023641235085390E-007  4.023641235076001E-007
  4.023641235066620E-007  4.023641235057201E-007  4.023641235047815E-007
  4.023641235038441E-007  4.023641235029045E-007  4.023641235019648E-007
  4.023641235010241E-007  4.023641235000856E-007  4.023641234991459E-007
  4.023641234982086E-007  4.023641234972621E-007  4.023641234963293E-007
  1.362551236430944E-006  4.023641235104435E-007  4.023641235109558E-007
  4.023641235114680E-007  4.023641235119779E-007  4.023641235124907E-007
  4.023641235130034E-007  4.023641235135161E-007  4.023641235140278E-007
  4.023641235145416E-007  4.023641235150566E-007  4.023641235155648E-007
  4.023641235160753E-007  4.023641235165835E-007  4.023641235171008E-007
  1.362551236430843E-006  4.023641235088274E-007  4.023641235080590E-007
  4.023641235072905E-007  4.023641235065208E-007  4.023641235057517E-007
  4.023641235049826E-007  4.023641235042168E-007  4.023641235034466E-007
  4.023641235026797E-007  4.023641235019084E-007  4.023641235011427E-007
  4.023641235003724E-007  4.023641234995977E-007  4.023641234988388E-007
  1.362551236430955E-006  4.023641235114515E-007  4.023641235127750E-007
  4.023641235140983E-007  4.023641235154203E-007  4.023641235167439E-007
  4.023641235180664E-007  4.023641235193889E-007  4.023641235207136E-007
  4.023641235220384E-007  4.023641235233575E-007  4.023641235246834E-007
  4.023641235260070E-007  4.023641235273284E-007  4.023641235286543E-007
  1.362551236431092E-006  4.023641235107648E-007  4.023641235115016E-007
  4.023641235122377E-007  4.023641235129729E-007  4.023641235137081E-007
  4.023641235144467E-007  4.023641235151831E-007  4.023641235159194E-007
  4.023641235166558E-007  4.023641235173922E-007  4.023641235181262E-007
  4.023641235188648E-007  4.023641235195922E-007  4.023641235203353E-007
  4.614093959731548E-006  1.362551236430775E-006  1.362551236430760E-006
  1.362551236430740E-006  1.362551236430720E-006  1.362551236430704E-006
  1.362551236430702E-006  1.362551236430665E-006  1.362551236430652E-006
  1.362551236430647E-006  1.362551236430611E-006  1.362551236430607E-006
  1.362551236430575E-006  1.362551236430566E-006  1.362551236430575E-006
  1.362551236430783E-006  4.023641235097353E-007  4.023641235097138E-007
  4.023641235096926E-007  4.023641235096706E-007  4.023641235096503E-007
  4.023641235096277E-007  4.023641235096074E-007  4.023641235095847E-007
  4.023641235095622E-007  4.023641235095407E-007  4.023641235095181E-007
  4.023641235095000E-007  4.023641235094684E-007  4.023641235094594E-007
  1.362551236430741E-006  4.023641235097492E-007  4.023641235097494E-007
  4.023641235097497E-007  4.023641235097480E-007  4.023641235097463E-007
  4.023641235097474E-007  4.023641235097474E-007  4.023641235097463E-007
  4.023641235097474E-007  4.023641235097508E-007  4.023641235097463E-007
  4.023641235097485E-007  4.023641235097395E-007  4.023641235097463E-007
  1.362551236430731E-006  4.023641235096671E-007  4.023641235096025E-007
  4.023641235095385E-007  4.023641235094741E-007  4.023641235094086E-007
  4.023641235093465E-007  4.023641235092832E-007  4.023641235092166E-007
  4.023641235091533E-007  4.023641235090890E-007  4.023641235090257E-007
  4.023641235089625E-007  4.023641235088902E-007  4.023641235088337E-007
  1.362551236430756E-006  4.023641235094361E-007  4.023641235091804E-007
  4.023641235089246E-007  4.023641235086660E-007  4.023641235084091E-007
  4.023641235081561E-007  4.023641235078975E-007  4.023641235076422E-007
  4.023641235073836E-007  4.023641235071329E-007  4.023641235068731E-007
  4.023641235066156E-007  4.023641235063559E-007  4.023641235061051E-007
  1.362551236430828E-006  4.023641235104093E-007  4.023641235109217E-007
  4.023641235114336E-007  4.023641235119446E-007  4.023641235124568E-007
  4.023641235129695E-007  4.023641235134811E-007  4.023641235139939E-007
  4.023641235145077E-007  4.023641235150205E-007  4.023641235155287E-007
  4.023641235160391E-007  4.023641235165474E-007  4.023641235170669E-007
  1.362551236430850E-006  4.023641235101514E-007  4.023641235104502E-007
  4.023641235107503E-007  4.023641235110462E-007  4.023641235113432E-007
  4.023641235116436E-007  4.023641235119418E-007  4.023641235122433E-007
  4.023641235125404E-007  4.023641235128385E-007  4.023641235131367E-007
  4.023641235134371E-007  4.023641235137307E-007  4.023641235140356E-007
  1.362551236430756E-006  4.023641235090137E-007  4.023641235084162E-007
  4.023641235078178E-007  4.023641235072187E-007  4.023641235066190E-007
  4.023641235060227E-007  4.023641235054253E-007  4.023641235048290E-007
  4.023641235042281E-007  4.023641235036364E-007  4.023641235030333E-007
  4.023641235024370E-007  4.023641235018316E-007  4.023641235012443E-007
  1.362551236430770E-006  4.023641235095461E-007  4.023641235093755E-007
  4.023641235092047E-007  4.023641235090320E-007  4.023641235088609E-007
  4.023641235086903E-007  4.023641235085198E-007  4.023641235083504E-007
  4.023641235081809E-007  4.023641235080048E-007  4.023641235078354E-007
  4.023641235076660E-007  4.023641235074875E-007  4.023641235073226E-007
  1.362551236431132E-006  4.023641235110281E-007  4.023641235119672E-007
  4.023641235129068E-007  4.023641235138436E-007  4.023641235147810E-007
  4.023641235157218E-007  4.023641235166626E-007  4.023641235176011E-007
  4.023641235185407E-007  4.023641235194793E-007  4.023641235204166E-007
  4.023641235213563E-007  4.023641235222914E-007  4.023641235232355E-007
  1.362551236430351E-006  4.023641235076243E-007  4.023641235060030E-007
  4.023641235043800E-007  4.023641235027560E-007  4.023641235011325E-007
  4.023641234995118E-007  4.023641234978912E-007  4.023641234962683E-007
  4.023641234946465E-007  4.023641234930224E-007  4.023641234914006E-007
  4.023641234897811E-007  4.023641234881548E-007  4.023641234865376E-007
  1.362551236430944E-006  4.023641235095979E-007  4.023641235094267E-007
  4.023641235092550E-007  4.023641235090833E-007  4.023641235089139E-007
  4.023641235087423E-007  4.023641235085729E-007  4.023641235084012E-007
  4.023641235082318E-007  4.023641235080590E-007  4.023641235078918E-007
  4.023641235077179E-007  4.023641235075395E-007  4.023641235073746E-007
  1.362551236430843E-006  4.023641235113655E-007  4.023641235126465E-007
  4.023641235139266E-007  4.023641235152057E-007  4.023641235164864E-007
  4.023641235177660E-007  4.023641235190490E-007  4.023641235203263E-007
  4.023641235216104E-007  4.023641235228899E-007  4.023641235241707E-007
  4.023641235254491E-007  4.023641235267276E-007  4.023641235280151E-007
  1.362551236430955E-006  4.023641235089136E-007  4.023641235081880E-007
  4.023641235074616E-007  4.023641235067342E-007  4.023641235060092E-007
  4.023641235052818E-007  4.023641235045579E-007  4.023641235038329E-007
  4.023641235031066E-007  4.023641235023805E-007  4.023641235016554E-007
  4.023641235009281E-007  4.023641235001985E-007  4.023641234994757E-007
  1.362551236430861E-006  4.023641235098506E-007  4.023641235099044E-007
  4.023641235099569E-007  4.023641235100088E-007  4.023641235100625E-007
  4.023641235101145E-007  4.023641235101698E-007  4.023641235102229E-007
  4.023641235102771E-007  4.023641235103290E-007  4.023641235103832E-007
  4.023641235104329E-007  4.023641235104826E-007  4.023641235105459E-007
  4.614093959731548E-006  1.362551236430775E-006  1.362551236430760E-006
  1.362551236430740E-006  1.362551236430720E-006  1.362551236430704E-006
  1.362551236430702E-006  1.362551236430665E-006  1.362551236430652E-006
  1.362551236430647E-006  1.362551236430611E-006  1.362551236430607E-006
  1.362551236430575E-006  1.362551236430566E-006  1.362551236430575E-006
  1.362551236430783E-006  4.023641235099469E-007  4.023641235100958E-007
  4.023641235102460E-007  4.023641235103940E-007  4.023641235105436E-007
  4.023641235106927E-007  4.023641235108417E-007  4.023641235109931E-007
  4.023641235111399E-007  4.023641235112913E-007  4.023641235114381E-007
  4.023641235115917E-007  4.023641235117294E-007  4.023641235118921E-007
  1.362551236430800E-006  4.023641235099851E-007  4.023641235101613E-007
  4.023641235103369E-007  4.023641235105109E-007  4.023641235106871E-007
  4.023641235108632E-007  4.023641235110394E-007  4.023641235112167E-007
  4.023641235113929E-007  4.023641235115668E-007  4.023641235117453E-007
  4.023641235119214E-007  4.023641235120886E-007  4.023641235122738E-007
  1.362551236430732E-006  4.023641235096734E-007  4.023641235096150E-007
  4.023641235095565E-007  4.023641235094972E-007  4.023641235094379E-007
  4.023641235093781E-007  4.023641235093205E-007  4.023641235092618E-007
  4.023641235092042E-007  4.023641235091455E-007  4.023641235090845E-007
  4.023641235090257E-007  4.023641235089625E-007  4.023641235089083E-007
  1.362551236430756E-006  4.023641235094367E-007  4.023641235091804E-007
  4.023641235089235E-007  4.023641235086666E-007  4.023641235084080E-007
  4.023641235081538E-007  4.023641235078975E-007  4.023641235076411E-007
  4.023641235073847E-007  4.023641235071306E-007  4.023641235068709E-007
  4.023641235066179E-007  4.023641235063559E-007  4.023641235061074E-007
  1.362551236430712E-006  4.023641235091059E-007  4.023641235085946E-007
  4.023641235080810E-007  4.023641235075677E-007  4.023641235070561E-007
  4.023641235065445E-007  4.023641235060306E-007  4.023641235055190E-007
  4.023641235050063E-007  4.023641235044969E-007  4.023641235039819E-007
  4.023641235034692E-007  4.023641235029497E-007  4.023641235024437E-007
  1.362551236430850E-006  4.023641235105744E-007  4.023641235112148E-007
  4.023641235118565E-007  4.023641235124935E-007  4.023641235131321E-007
  4.023641235137759E-007  4.023641235144140E-007  4.023641235150566E-007
  4.023641235156958E-007  4.023641235163328E-007  4.023641235169743E-007
  4.023641235176158E-007  4.023641235182528E-007  4.023641235188942E-007
  1.362551236430871E-006  4.023641235103167E-007  4.023641235107432E-007
  4.023641235111699E-007  4.023641235115956E-007  4.023641235120208E-007
  4.023641235124489E-007  4.023641235128769E-007  4.023641235133038E-007
  4.023641235137296E-007  4.023641235141599E-007  4.023641235145800E-007
  4.023641235150114E-007  4.023641235154293E-007  4.023641235158652E-007
  1.362551236430770E-006  4.023641235099696E-007  4.023641235101401E-007
  4.023641235103110E-007  4.023641235104804E-007  4.023641235106509E-007
  4.023641235108214E-007  4.023641235109931E-007  4.023641235111625E-007
  4.023641235113342E-007  4.023641235115013E-007  4.023641235116752E-007
  4.023641235118469E-007  4.023641235120095E-007  4.023641235121880E-007
  1.362551236431132E-006  4.023641235110281E-007  4.023641235119675E-007
  4.023641235129068E-007  4.023641235138431E-007  4.023641235147821E-007
  4.023641235157218E-007  4.023641235166626E-007  4.023641235176011E-007
  4.023641235185396E-007  4.023641235194815E-007  4.023641235204189E-007
  4.023641235213540E-007  4.023641235222914E-007  4.023641235232355E-007
  1.362551236430351E-006  4.023641235093170E-007  4.023641235090602E-007
  4.023641235088044E-007  4.023641235085469E-007  4.023641235082894E-007
  4.023641235080353E-007  4.023641235077789E-007  4.023641235075225E-007
  4.023641235072684E-007  4.023641235070109E-007  4.023641235067512E-007
  4.023641235064982E-007  4.023641235062362E-007  4.023641235059854E-007
  1.362551236430944E-006  4.023641235095979E-007  4.023641235094267E-007
  4.023641235092556E-007  4.023641235090833E-007  4.023641235089139E-007
  4.023641235087423E-007  4.023641235085717E-007  4.023641235084001E-007
  4.023641235082318E-007  4.023641235080635E-007  4.023641235078873E-007
  4.023641235077179E-007  4.023641235075395E-007  4.023641235073768E-007
  1.362551236430842E-006  4.023641235113652E-007  4.023641235126465E-007
  4.023641235139261E-007  4.023641235152062E-007  4.023641235164864E-007
  4.023641235177660E-007  4.023641235190490E-007  4.023641235203274E-007
  4.023641235216092E-007  4.023641235228877E-007  4.023641235241684E-007
  4.023641235254536E-007  4.023641235267276E-007  4.023641235280128E-007
  1.362551236430951E-006  4.023641235097321E-007  4.023641235096678E-007
  4.023641235096040E-007  4.023641235095385E-007  4.023641235094741E-007
  4.023641235094108E-007  4.023641235093465E-007  4.023641235092821E-007
  4.023641235092200E-007  4.023641235091545E-007  4.023641235090912E-007
  4.023641235090257E-007  4.023641235089557E-007  4.023641235088992E-007
  1.362551236430629E-006  4.023641235098088E-007  4.023641235098835E-007
  4.023641235099580E-007  4.023641235100315E-007  4.023641235101054E-007
  4.023641235101799E-007  4.023641235102556E-007  4.023641235103313E-007
  4.023641235104047E-007  4.023641235104804E-007  4.023641235105526E-007
  4.023641235106317E-007  4.023641235106972E-007  4.023641235107763E-007
  4.614093959731519E-006  1.362551236430820E-006  1.362551236430846E-006
  1.362551236430873E-006  1.362551236430900E-006  1.362551236430919E-006
  1.362551236430955E-006  1.362551236430973E-006  1.362551236431000E-006
  1.362551236431027E-006  1.362551236431045E-006  1.362551236431072E-006
  1.362551236431099E-006  1.362551236431099E-006  1.362551236431153E-006
  1.362551236430815E-006  4.023641235096390E-007  4.023641235095320E-007
  4.023641235094255E-007  4.023641235093182E-007  4.023641235092109E-007
  4.023641235091036E-007  4.023641235089986E-007  4.023641235088913E-007
  4.023641235087818E-007  4.023641235086779E-007  4.023641235085695E-007
  4.023641235084633E-007  4.023641235083504E-007  4.023641235082487E-007
  1.362551236430717E-006  4.023641235095375E-007  4.023641235093725E-007
  4.023641235092070E-007  4.023641235090404E-007  4.023641235088732E-007
  4.023641235087084E-007  4.023641235085424E-007  4.023641235083752E-007
  4.023641235082114E-007  4.023641235080454E-007  4.023641235078805E-007
  4.023641235077179E-007  4.023641235075417E-007  4.023641235073836E-007
  1.362551236430851E-006  4.023641235099206E-007  4.023641235100328E-007
  4.023641235101455E-007  4.023641235102562E-007  4.023641235103674E-007
  4.023641235104781E-007  4.023641235105922E-007  4.023641235107028E-007
  4.023641235108158E-007  4.023641235109298E-007  4.023641235110405E-007
  4.023641235111512E-007  4.023641235112551E-007  4.023641235113726E-007
  1.362551236430698E-006  4.023641235094192E-007  4.023641235091635E-007
  4.023641235089060E-007  4.023641235086485E-007  4.023641235083921E-007
  4.023641235081369E-007  4.023641235078805E-007  4.023641235076253E-007
  4.023641235073678E-007  4.023641235071148E-007  4.023641235068551E-007
  4.023641235065998E-007  4.023641235063378E-007  4.023641235060916E-007
  1.362551236430597E-006  4.023641235086491E-007  4.023641235077950E-007
  4.023641235069409E-007  4.023641235060854E-007  4.023641235052322E-007
  4.023641235043795E-007  4.023641235035245E-007  4.023641235026718E-007
  4.023641235018169E-007  4.023641235009665E-007  4.023641235001104E-007
  4.023641234992543E-007  4.023641234983960E-007  4.023641234975445E-007
  1.362551236430734E-006  4.023641235096944E-007  4.023641235096517E-007
  4.023641235096096E-007  4.023641235095644E-007  4.023641235095226E-007
  4.023641235094786E-007  4.023641235094357E-007  4.023641235093950E-007
  4.023641235093510E-007  4.023641235093103E-007  4.023641235092629E-007
  4.023641235092245E-007  4.023641235091726E-007  4.023641235091387E-007
  1.362551236430756E-006  4.023641235094369E-007  4.023641235091802E-007
  4.023641235089235E-007  4.023641235086660E-007  4.023641235084102E-007
  4.023641235081538E-007  4.023641235078986E-007  4.023641235076422E-007
  4.023641235073847E-007  4.023641235071306E-007  4.023641235068709E-007
  4.023641235066179E-007  4.023641235063536E-007  4.023641235061074E-007
  1.362551236430539E-006  4.023641235086324E-007  4.023641235077786E-007
  4.023641235069251E-007  4.023641235060690E-007  4.023641235052141E-007
  4.023641235043614E-007  4.023641235035087E-007  4.023641235026549E-007
  4.023641235018011E-007  4.023641235009416E-007  4.023641235000901E-007
  4.023641234992386E-007  4.023641234983757E-007  4.023641234975287E-007
  1.362551236430438E-006  4.023641235091313E-007  4.023641235087042E-007
  4.023641235082781E-007  4.023641235078483E-007  4.023641235074220E-007
  4.023641235069962E-007  4.023641235065682E-007  4.023641235061436E-007
  4.023641235057144E-007  4.023641235052898E-007  4.023641235048606E-007
  4.023641235044314E-007  4.023641235040023E-007  4.023641235035799E-007
  1.362551236430582E-006  4.023641235093854E-007  4.023641235091288E-007
  4.023641235088732E-007  4.023641235086146E-007  4.023641235083571E-007
  4.023641235081019E-007  4.023641235078466E-007  4.023641235075891E-007
  4.023641235073350E-007  4.023641235070787E-007  4.023641235068189E-007
  4.023641235065659E-007  4.023641235063039E-007  4.023641235060532E-007
  1.362551236430250E-006  4.023641235093926E-007  4.023641235092222E-007
  4.023641235090511E-007  4.023641235088783E-007  4.023641235087084E-007
  4.023641235085378E-007  4.023641235083662E-007  4.023641235081968E-007
  4.023641235080251E-007  4.023641235078557E-007  4.023641235076818E-007
  4.023641235075146E-007  4.023641235073362E-007  4.023641235071713E-007
  1.362551236430843E-006  4.023641235105194E-007  4.023641235111179E-007
  4.023641235117148E-007  4.023641235123105E-007  4.023641235129097E-007
  4.023641235135048E-007  4.023641235141045E-007  4.023641235147008E-007
  4.023641235152994E-007  4.023641235158968E-007  4.023641235164977E-007
  4.023641235170940E-007  4.023641235176835E-007  4.023641235182889E-007
  1.362551236430488E-006  4.023641235095955E-007  4.023641235095317E-007
  4.023641235094667E-007  4.023641235094013E-007  4.023641235093374E-007
  4.023641235092730E-007  4.023641235092109E-007  4.023641235091455E-007
  4.023641235090822E-007  4.023641235090167E-007  4.023641235089512E-007
  4.023641235088902E-007  4.023641235088179E-007  4.023641235087614E-007
  1.362551236430167E-006  4.023641235088264E-007  4.023641235082182E-007
  4.023641235076095E-007  4.023641235069996E-007  4.023641235063909E-007
  4.023641235057822E-007  4.023641235051734E-007  4.023641235045647E-007
  4.023641235039582E-007  4.023641235033540E-007  4.023641235027419E-007
  4.023641235021320E-007  4.023641235015176E-007  4.023641235009191E-007
  4.614093959731519E-006  1.362551236430794E-006  1.362551236430799E-006
  1.362551236430803E-006  1.362551236430808E-006  1.362551236430808E-006
  1.362551236430824E-006  1.362551236430815E-006  1.362551236430824E-006
  1.362551236430833E-006  1.362551236430824E-006  1.362551236430833E-006
  1.362551236430837E-006  1.362551236430819E-006  1.362551236430855E-006
  1.362551236430754E-006  4.023641235098322E-007  4.023641235098959E-007
  4.023641235099603E-007  4.023641235100235E-007  4.023641235100885E-007
  4.023641235101517E-007  4.023641235102149E-007  4.023641235102782E-007
  4.023641235103426E-007  4.023641235104058E-007  4.023641235104690E-007
  4.023641235105414E-007  4.023641235105888E-007  4.023641235106656E-007
  1.362551236430713E-006  4.023641235095297E-007  4.023641235093586E-007
  4.023641235091878E-007  4.023641235090155E-007  4.023641235088450E-007
  4.023641235086745E-007  4.023641235085028E-007  4.023641235083323E-007
  4.023641235081617E-007  4.023641235079889E-007  4.023641235078263E-007
  4.023641235076501E-007  4.023641235074717E-007  4.023641235073068E-007
  1.362551236430673E-006  4.023641235092268E-007  4.023641235088210E-007
  4.023641235084153E-007  4.023641235080098E-007  4.023641235076039E-007
  4.023641235071984E-007  4.023641235067918E-007  4.023641235063886E-007
  4.023641235059809E-007  4.023641235055744E-007  4.023641235051678E-007
  4.023641235047612E-007  4.023641235043546E-007  4.023641235039548E-007
  1.362551236430467E-006  4.023641235093507E-007  4.023641235090943E-007
  4.023641235088382E-007  4.023641235085807E-007  4.023641235083255E-007
  4.023641235080691E-007  4.023641235078128E-007  4.023641235075564E-007
  4.023641235073000E-007  4.023641235070470E-007  4.023641235067873E-007
  4.023641235065343E-007  4.023641235062678E-007  4.023641235060216E-007
  1.362551236430712E-006  4.023641235091065E-007  4.023641235085940E-007
  4.023641235080816E-007  4.023641235075677E-007  4.023641235070550E-007
  4.023641235065434E-007  4.023641235060306E-007  4.023641235055190E-007
  4.023641235050074E-007  4.023641235044947E-007  4.023641235039819E-007
  4.023641235034692E-007  4.023641235029519E-007  4.023641235024437E-007
  1.362551236430850E-006  4.023641235101514E-007  4.023641235104502E-007
  4.023641235107497E-007  4.023641235110462E-007  4.023641235113444E-007
  4.023641235116436E-007  4.023641235119418E-007  4.023641235122433E-007
  4.023641235125404E-007  4.023641235128407E-007  4.023641235131367E-007
  4.023641235134393E-007  4.023641235137307E-007  4.023641235140334E-007
  1.362551236430871E-006  4.023641235103170E-007  4.023641235107438E-007
  4.023641235111704E-007  4.023641235115956E-007  4.023641235120208E-007
  4.023641235124477E-007  4.023641235128746E-007  4.023641235133027E-007
  4.023641235137296E-007  4.023641235141576E-007  4.023641235145822E-007
  4.023641235150091E-007  4.023641235154293E-007  4.023641235158652E-007
  1.362551236430539E-006  4.023641235099013E-007  4.023641235100713E-007
  4.023641235102426E-007  4.023641235104120E-007  4.023641235105831E-007
  4.023641235107537E-007  4.023641235109242E-007  4.023641235110959E-007
  4.023641235112664E-007  4.023641235114358E-007  4.023641235116052E-007
  4.023641235117769E-007  4.023641235119418E-007  4.023641235121202E-007
  1.362551236430438E-006  4.023641235074389E-007  4.023641235056464E-007
  4.023641235038537E-007  4.023641235020575E-007  4.023641235002652E-007
  4.023641234984740E-007  4.023641234966805E-007  4.023641234948893E-007
  4.023641234930936E-007  4.023641234913036E-007  4.023641234895101E-007
  4.023641234877121E-007  4.023641234859164E-007  4.023641234841320E-007
  1.362551236431045E-006  4.023641235103676E-007  4.023641235107949E-007
  4.023641235112218E-007  4.023641235116470E-007  4.023641235120739E-007
  4.023641235124997E-007  4.023641235129300E-007  4.023641235133535E-007
  4.023641235137815E-007  4.023641235142073E-007  4.023641235146342E-007
  4.023641235150611E-007  4.023641235154835E-007  4.023641235159149E-007
  1.362551236430944E-006  4.023641235112901E-007  4.023641235124850E-007
  4.023641235136799E-007  4.023641235148731E-007  4.023641235160696E-007
  4.023641235172645E-007  4.023641235184605E-007  4.023641235196566E-007
  4.023641235208526E-007  4.023641235220452E-007  4.023641235232423E-007
  4.023641235244372E-007  4.023641235256253E-007  4.023641235268292E-007
  1.362551236431074E-006  4.023641235114338E-007  4.023641235127149E-007
  4.023641235139950E-007  4.023641235152746E-007  4.023641235165553E-007
  4.023641235178348E-007  4.023641235191167E-007  4.023641235203952E-007
  4.023641235216782E-007  4.023641235229555E-007  4.023641235242384E-007
  4.023641235255214E-007  4.023641235267953E-007  4.023641235280806E-007
  1.362551236430492E-006  4.023641235070852E-007  4.023641235049933E-007
  4.023641235029017E-007  4.023641235008078E-007  4.023641234987168E-007
  4.023641234966251E-007  4.023641234945324E-007  4.023641234924408E-007
  4.023641234903503E-007  4.023641234882565E-007  4.023641234861671E-007
  4.023641234840755E-007  4.023641234819771E-007  4.023641234798900E-007
  1.362551236430860E-006  4.023641235098503E-007  4.023641235099047E-007
  4.023641235099574E-007  4.023641235100088E-007  4.023641235100614E-007
  4.023641235101156E-007  4.023641235101698E-007  4.023641235102217E-007
  4.023641235102759E-007  4.023641235103267E-007  4.023641235103855E-007
  4.023641235104397E-007  4.023641235104849E-007  4.023641235105414E-007
  4.614093959731548E-006  1.362551236430775E-006  1.362551236430760E-006
  1.362551236430740E-006  1.362551236430720E-006  1.362551236430704E-006
  1.362551236430702E-006  1.362551236430665E-006  1.362551236430652E-006
  1.362551236430647E-006  1.362551236430611E-006  1.362551236430607E-006
  1.362551236430575E-006  1.362551236430566E-006  1.362551236430575E-006
  1.362551236430841E-006  4.023641235100700E-007  4.023641235103036E-007
  4.023641235105391E-007  4.023641235107729E-007  4.023641235110067E-007
  4.023641235112415E-007  4.023641235114776E-007  4.023641235117125E-007
  4.023641235119452E-007  4.023641235121812E-007  4.023641235124116E-007
  4.023641235126533E-007  4.023641235128814E-007  4.023641235131208E-007
  1.362551236430944E-006  4.023641235104435E-007  4.023641235109567E-007
  4.023641235114685E-007  4.023641235119790E-007  4.023641235124929E-007
  4.023641235130034E-007  4.023641235135150E-007  4.023641235140266E-007
  4.023641235145405E-007  4.023641235150476E-007  4.023641235155671E-007
  4.023641235160798E-007  4.023641235165858E-007  4.023641235170985E-007
  1.362551236430731E-006  4.023641235096671E-007  4.023641235096025E-007
  4.023641235095385E-007  4.023641235094729E-007  4.023641235094086E-007
  4.023641235093442E-007  4.023641235092810E-007  4.023641235092177E-007
  4.023641235091533E-007  4.023641235090890E-007  4.023641235090212E-007
  4.023641235089602E-007  4.023641235088902E-007  4.023641235088337E-007
  1.362551236430810E-006  4.023641235102987E-007  4.023641235107254E-007
  4.023641235111518E-007  4.023641235115776E-007  4.023641235120039E-007
  4.023641235124319E-007  4.023641235128577E-007  4.023641235132869E-007
  4.023641235137093E-007  4.023641235141418E-007  4.023641235145642E-007
  4.023641235149934E-007  4.023641235154157E-007  4.023641235158449E-007
  1.362551236430824E-006  4.023641235091395E-007  4.023641235086268E-007
  4.023641235081143E-007  4.023641235076010E-007  4.023641235070877E-007
  4.023641235065761E-007  4.023641235060645E-007  4.023641235055529E-007
  4.023641235050390E-007  4.023641235045308E-007  4.023641235040158E-007
  4.023641235034986E-007  4.023641235029836E-007  4.023641235024776E-007
  1.362551236430846E-006  4.023641235093045E-007  4.023641235089198E-007
  4.023641235085367E-007  4.023641235081499E-007  4.023641235077653E-007
  4.023641235073813E-007  4.023641235069974E-007  4.023641235066156E-007
  4.023641235062305E-007  4.023641235058431E-007  4.023641235054569E-007
  4.023641235050751E-007  4.023641235046844E-007  4.023641235043072E-007
  1.362551236431099E-006  4.023641235124987E-007  4.023641235146334E-007
  4.023641235167682E-007  4.023641235189004E-007  4.023641235210366E-007
  4.023641235231700E-007  4.023641235253046E-007  4.023641235274380E-007
  4.023641235295725E-007  4.023641235317081E-007  4.023641235338427E-007
  4.023641235359749E-007  4.023641235381049E-007  4.023641235402417E-007
  1.362551236430767E-006  4.023641235091224E-007  4.023641235086098E-007
  4.023641235080979E-007  4.023641235075835E-007  4.023641235070719E-007
  4.023641235065603E-007  4.023641235060475E-007  4.023641235055359E-007
  4.023641235050232E-007  4.023641235045059E-007  4.023641235039977E-007
  4.023641235034850E-007  4.023641235029677E-007  4.023641235024618E-007
  1.362551236431128E-006  4.023641235101811E-007  4.023641235104377E-007
  4.023641235106938E-007  4.023641235109474E-007  4.023641235112032E-007
  4.023641235114595E-007  4.023641235117170E-007  4.023641235119723E-007
  4.023641235122298E-007  4.023641235124862E-007  4.023641235127391E-007
  4.023641235129921E-007  4.023641235132473E-007  4.023641235135094E-007
  1.362551236431041E-006  4.023641235120588E-007  4.023641235138516E-007
  4.023641235156444E-007  4.023641235174356E-007  4.023641235192274E-007
  4.023641235210220E-007  4.023641235228166E-007  4.023641235246077E-007
  4.023641235264000E-007  4.023641235281935E-007  4.023641235299870E-007
  4.023641235317827E-007  4.023641235335671E-007  4.023641235353628E-007
  1.362551236430709E-006  4.023641235095284E-007  4.023641235093577E-007
  4.023641235091855E-007  4.023641235090138E-007  4.023641235088450E-007
  4.023641235086733E-007  4.023641235085028E-007  4.023641235083311E-007
  4.023641235081640E-007  4.023641235079912E-007  4.023641235078173E-007
  4.023641235076501E-007  4.023641235074694E-007  4.023641235073068E-007
  1.362551236431070E-006  4.023641235122787E-007  4.023641235142429E-007
  4.023641235162063E-007  4.023641235181680E-007  4.023641235201320E-007
  4.023641235220960E-007  4.023641235240588E-007  4.023641235260217E-007
  4.023641235279880E-007  4.023641235299486E-007  4.023641235319137E-007
  4.023641235338788E-007  4.023641235358372E-007  4.023641235378068E-007
  1.362551236430492E-006  4.023641235070847E-007  4.023641235049930E-007
  4.023641235029017E-007  4.023641235008078E-007  4.023641234987168E-007
  4.023641234966240E-007  4.023641234945324E-007  4.023641234924408E-007
  4.023641234903492E-007  4.023641234882565E-007  4.023641234861671E-007
  4.023641234840710E-007  4.023641234819771E-007  4.023641234798900E-007
  1.362551236430626E-006  4.023641235123058E-007  4.023641235143976E-007
  4.023641235164898E-007  4.023641235185797E-007  4.023641235206707E-007
  4.023641235227635E-007  4.023641235248551E-007  4.023641235269478E-007
  4.023641235290383E-007  4.023641235311322E-007  4.023641235332260E-007
  4.023641235353154E-007  4.023641235373979E-007  4.023641235394963E-007
  4.614093959731519E-006  1.362551236430794E-006  1.362551236430799E-006
  1.362551236430803E-006  1.362551236430808E-006  1.362551236430808E-006
  1.362551236430824E-006  1.362551236430815E-006  1.362551236430824E-006
  1.362551236430833E-006  1.362551236430824E-006  1.362551236430833E-006
  1.362551236430837E-006  1.362551236430819E-006  1.362551236430855E-006
  1.362551236430870E-006  4.023641235099727E-007  4.023641235101215E-007
  4.023641235102714E-007  4.023641235104199E-007  4.023641235105685E-007
  4.023641235107175E-007  4.023641235108700E-007  4.023641235110168E-007
  4.023641235111648E-007  4.023641235113161E-007  4.023641235114652E-007
  4.023641235116120E-007  4.023641235117611E-007  4.023641235119147E-007
  1.362551236430714E-006  4.023641235093244E-007  4.023641235089884E-007
  4.023641235086525E-007  4.023641235083148E-007  4.023641235079777E-007
  4.023641235076422E-007  4.023641235073079E-007  4.023641235069703E-007
  4.023641235066337E-007  4.023641235062994E-007  4.023641235059583E-007
  4.023641235056286E-007  4.023641235052807E-007  4.023641235049509E-007
  1.362551236430789E-006  4.023641235096909E-007  4.023641235096319E-007
  4.023641235095735E-007  4.023641235095142E-007  4.023641235094549E-007
  4.023641235093962E-007  4.023641235093374E-007  4.023641235092798E-007
  4.023641235092200E-007  4.023641235091612E-007  4.023641235091048E-007
  4.023641235090438E-007  4.023641235089783E-007  4.023641235089241E-007
  1.362551236430810E-006  4.023641235098752E-007  4.023641235099608E-007
  4.023641235100455E-007  4.023641235101291E-007  4.023641235102138E-007
  4.023641235103019E-007  4.023641235103855E-007  4.023641235104724E-007
  4.023641235105549E-007  4.023641235106430E-007  4.023641235107288E-007
  4.023641235108146E-007  4.023641235108937E-007  4.023641235109886E-007
  1.362551236430593E-006  4.023641235082250E-007  4.023641235070298E-007
  4.023641235058336E-007  4.023641235046375E-007  4.023641235034432E-007
  4.023641235022483E-007  4.023641235010512E-007  4.023641234998574E-007
  4.023641234986626E-007  4.023641234974700E-007  4.023641234962683E-007
  4.023641234950757E-007  4.023641234938740E-007  4.023641234926836E-007
  1.362551236430731E-006  4.023641235096933E-007  4.023641235096506E-007
  4.023641235096090E-007  4.023641235095633E-007  4.023641235095204E-007
  4.023641235094786E-007  4.023641235094346E-007  4.023641235093928E-007
  4.023641235093499E-007  4.023641235093058E-007  4.023641235092629E-007
  4.023641235092222E-007  4.023641235091726E-007  4.023641235091364E-007
  1.362551236430637E-006  4.023641235089782E-007  4.023641235083800E-007
  4.023641235077828E-007  4.023641235071831E-007  4.023641235065863E-007
  4.023641235059877E-007  4.023641235053914E-007  4.023641235047928E-007
  4.023641235041942E-007  4.023641235035979E-007  4.023641235030016E-007
  4.023641235024031E-007  4.023641235018000E-007  4.023641235012059E-007
  1.362551236431229E-006  4.023641235101052E-007  4.023641235102757E-007
  4.023641235104465E-007  4.023641235106159E-007  4.023641235107864E-007
  4.023641235109581E-007  4.023641235111275E-007  4.023641235112991E-007
  4.023641235114708E-007  4.023641235116391E-007  4.023641235118085E-007
  4.023641235119802E-007  4.023641235121473E-007  4.023641235123212E-007
  1.362551236430897E-006  4.023641235101128E-007  4.023641235103688E-007
  4.023641235106261E-007  4.023641235108785E-007  4.023641235111343E-007
  4.023641235113918E-007  4.023641235116493E-007  4.023641235119034E-007
  4.023641235121609E-007  4.023641235124184E-007  4.023641235126713E-007
  4.023641235129266E-007  4.023641235131796E-007  4.023641235134416E-007
  1.362551236430810E-006  4.023641235094523E-007  4.023641235091960E-007
  4.023641235089399E-007  4.023641235086824E-007  4.023641235084249E-007
  4.023641235081719E-007  4.023641235079144E-007  4.023641235076581E-007
  4.023641235074017E-007  4.023641235071419E-007  4.023641235068890E-007
  4.023641235066337E-007  4.023641235063740E-007  4.023641235061210E-007
  1.362551236431171E-006  4.023641235105107E-007  4.023641235110230E-007
  4.023641235115352E-007  4.023641235120451E-007  4.023641235125595E-007
  4.023641235130723E-007  4.023641235135827E-007  4.023641235140944E-007
  4.023641235146093E-007  4.023641235151198E-007  4.023641235156326E-007
  4.023641235161453E-007  4.023641235166490E-007  4.023641235171686E-007
  1.362551236430839E-006  4.023641235105183E-007  4.023641235111168E-007
  4.023641235117137E-007  4.023641235123100E-007  4.023641235129063E-007
  4.023641235135048E-007  4.023641235141023E-007  4.023641235146997E-007
  4.023641235152994E-007  4.023641235158946E-007  4.023641235164931E-007
  4.023641235170917E-007  4.023641235176835E-007  4.023641235182866E-007
  1.362551236431417E-006  4.023641235081776E-007  4.023641235067478E-007
  4.023641235053186E-007  4.023641235038859E-007  4.023641235024550E-007
  4.023641235010252E-007  4.023641234995965E-007  4.023641234981656E-007
  4.023641234967347E-007  4.023641234953060E-007  4.023641234938763E-007
  4.023641234924442E-007  4.023641234910099E-007  4.023641234895846E-007
  1.362551236430622E-006  4.023641235089345E-007  4.023641235083044E-007
  4.023641235076755E-007  4.023641235070448E-007  4.023641235064146E-007
  4.023641235057855E-007  4.023641235051565E-007  4.023641235045252E-007
  4.023641235038961E-007  4.023641235032659E-007  4.023641235026357E-007
  4.023641235020055E-007  4.023641235013708E-007  4.023641235007497E-007
